{
  "camera_angle_x": 1.8129330025641492,
  "camera_angle_y": 1.279115578300704,
  "fl_x": 1578.6614523593562,
  "fl_y": 2032.6495682252953,
  "k1": -0.028586970747080442,
  "k2": 0.005747722101762753,
  "k3": 0,
  "k4": 0,
  "p1": 0.005049769427790213,
  "p2": 0.040703043106002056,
  "is_fisheye": false,
  "cx": 2016.0,
  "cy": 1512.0,
  "w": 4032.0,
  "h": 3024.0,
  "aabb_scale": 16,
  "frames": [
    {
      "file_path": "./images/IMG_6575.JPG",
      "sharpness": 100.02863684165929,
      "transform_matrix": [
        [
          -0.2820043717750388,
          0.9581731980321997,
          0.048761222903019014,
          3.02639015115851
        ],
        [
          0.13029491925134867,
          -0.012104499855573818,
          0.9914013894011743,
          -1.6837316357960832
        ],
        [
          0.9505244700316764,
          0.2859328655957246,
          -0.12143157758898976,
          -3.9916576916519966
        ],
        [
          0.0,
          0.0,
          0.0,
          1.0
        ]
      ]
    },
    {
      "file_path": "./images/IMG_6576.JPG",
      "sharpness": 56.02306248311219,
      "transform_matrix": [
        [
          0.80923227660942,
          0.5041056541412474,
          0.301696224608207,
          -2.0975529213893656
        ],
        [
          0.13052885838489228,
          -0.6549769831581426,
          0.7442898417067388,
          3.0417887003096995
        ],
        [
          0.5728048005483458,
          -0.5629232992844679,
          -0.5958288507482594,
          2.9236513276692837
        ],
        [
          0.0,
          0.0,
          0.0,
          1.0
        ]
      ]
    },
    {
      "file_path": "./images/IMG_6594.JPG",
      "sharpness": 103.23644584151248,
      "transform_matrix": [
        [
          -0.6595214297740823,
          0.7367159124981113,
          0.14926871047647633,
          1.315651175717625
        ],
        [
          0.2787793120981219,
          0.05531018711131508,
          0.9587611163130556,
          -1.6298517470574563
        ],
        [
          0.6980784903659619,
          0.6739365306669877,
          -0.24185940898269023,
          -5.895951293341763
        ],
        [
          0.0,
          0.0,
          0.0,
          1.0
        ]
      ]
    },
    {
      "file_path": "./images/IMG_6579.JPG",
      "sharpness": 101.74591362067073,
      "transform_matrix": [
        [
          -0.2114485159847856,
          -0.9481705485128263,
          0.23719640808242184,
          0.05133375260667891
        ],
        [
          -0.08472694691719318,
          0.2595520150200523,
          0.9620052472680019,
          1.9500646855815746
        ],
        [
          -0.9737098486476297,
          0.18331765442784737,
          -0.13521748412914297,
          -1.5768774688672456
        ],
        [
          0.0,
          0.0,
          0.0,
          1.0
        ]
      ]
    },
    {
      "file_path": "./images/IMG_6591.JPG",
      "sharpness": 62.47307442709744,
      "transform_matrix": [
        [
          0.01934781615523585,
          -0.9997108980017895,
          0.014275237755064979,
          0.6112155527630976
        ],
        [
          -0.2660414041213358,
          0.008615402058566757,
          0.9639231016769774,
          -1.348176926522614
        ],
        [
          -0.9637674164949032,
          -0.022447611255554334,
          -0.2657978018046649,
          0.06231383046812153
        ],
        [
          0.0,
          0.0,
          0.0,
          1.0
        ]
      ]
    },
    {
      "file_path": "./images/IMG_6582.JPG",
      "sharpness": 74.00246421330209,
      "transform_matrix": [
        [
          -0.29675162646256315,
          -0.9422211459331298,
          0.1554277463478388,
          0.16004872023293962
        ],
        [
          -0.4703757395552903,
          0.2858655398617733,
          0.834881762025856,
          1.2533166984328323
        ],
        [
          -0.8310746871538963,
          0.17464307964932654,
          -0.5280290322465089,
          2.5964913559342255
        ],
        [
          0.0,
          0.0,
          0.0,
          1.0
        ]
      ]
    },
    {
      "file_path": "./images/IMG_6584.JPG",
      "sharpness": 104.48861942830128,
      "transform_matrix": [
        [
          -0.7178708806818426,
          0.6911078277111641,
          0.0838532595187386,
          0.4707410910906346
        ],
        [
          0.1704862306236709,
          0.05773833871568404,
          0.9836669808508023,
          -4.652453997539294
        ],
        [
          0.6749784024264901,
          0.7204417079818728,
          -0.15927304056392427,
          -1.3572370147023456
        ],
        [
          0.0,
          0.0,
          0.0,
          1.0
        ]
      ]
    }
  ]
}