{
  "camera_angle_x": 0.4646134795954867,
  "camera_angle_y": 0.6795682835993831,
  "fl_x": 5545.74238997733,
  "fl_y": 5567.279341709102,
  "k1": 0,
  "k2": 0,
  "k3": 0,
  "k4": 0,
  "p1": 0,
  "p2": 0,
  "is_fisheye": false,
  "cx": 1435.506184708164,
  "cy": 1900.7311487338213,
  "w": 2624.0,
  "h": 3936.0,
  "aabb_scale": 16,
  "frames": [
    {
      "file_path": "./images/DSC09687.jpg",
      "sharpness": 265.94884597703344,
      "transform_matrix": [
        [
          0.06330125414690446,
          0.3244730094695713,
          -0.9437744526139361,
          -4.443552815679702
        ],
        [
          -0.9960558291481232,
          0.07945614245647142,
          -0.039490589505380785,
          -0.2307347830582366
        ],
        [
          0.06217504693113299,
          0.9425518487698822,
          0.3282229059505708,
          1.3450437579842982
        ],
        [
          0.0,
          0.0,
          0.0,
          1.0
        ]
      ]
    },
    {
      "file_path": "./images/DSC09688.jpg",
      "sharpness": 237.6082575167173,
      "transform_matrix": [
        [
          -0.4907750217296423,
          0.29101049159939035,
          -0.8212507363058503,
          -3.7182165070167352
        ],
        [
          -0.8689456840851819,
          -0.09443498908638609,
          0.4858141938637601,
          2.0404137573883685
        ],
        [
          0.06382222306202368,
          0.9520477544147984,
          0.2992186445197052,
          1.1708047849985799
        ],
        [
          0.0,
          0.0,
          0.0,
          1.0
        ]
      ]
    },
    {
      "file_path": "./images/DSC09690.jpg",
      "sharpness": 264.01461714550476,
      "transform_matrix": [
        [
          -0.8848958493060464,
          0.13913391055165958,
          -0.4445234424336715,
          -1.9978647735684858
        ],
        [
          -0.4657466088825526,
          -0.2514336490584962,
          0.8484463544909802,
          3.505410806643175
        ],
        [
          0.006279507970487097,
          0.9578219433301949,
          0.28729373944774006,
          1.0393142765781964
        ],
        [
          0.0,
          0.0,
          0.0,
          1.0
        ]
      ]
    },
    {
      "file_path": "./images/DSC09692.jpg",
      "sharpness": 262.9445914297104,
      "transform_matrix": [
        [
          -0.9963943802148385,
          0.012377693898663666,
          -0.08393468786852251,
          -0.38190252986214435
        ],
        [
          -0.0839541170970548,
          -0.28662705179567305,
          0.9543566625821166,
          4.079697406011114
        ],
        [
          -0.01224521748755264,
          0.9579622779312285,
          0.2866327419897159,
          1.1252775517859803
        ],
        [
          0.0,
          0.0,
          0.0,
          1.0
        ]
      ]
    },
    {
      "file_path": "./images/DSC09693.jpg",
      "sharpness": 295.50353578131484,
      "transform_matrix": [
        [
          -0.9052245911850867,
          -0.1537310494910279,
          0.3961504815013198,
          1.7058780354079315
        ],
        [
          0.42340947234681314,
          -0.24742982893086699,
          0.8714946348060539,
          3.947432165932941
        ],
        [
          -0.035956338965782875,
          0.9566322408547159,
          0.28907074828925783,
          1.150584309854624
        ],
        [
          0.0,
          0.0,
          0.0,
          1.0
        ]
      ]
    },
    {
      "file_path": "./images/DSC09694.jpg",
      "sharpness": 301.17292195209194,
      "transform_matrix": [
        [
          -0.6922311728338695,
          -0.27415315898213644,
          0.6675747514958215,
          2.762136790435729
        ],
        [
          0.7192440650262111,
          -0.18620692665525754,
          0.669339193087986,
          2.8536658851106016
        ],
        [
          -0.05919441142694115,
          0.94348663262969,
          0.32608127173444823,
          1.1706310964122577
        ],
        [
          0.0,
          0.0,
          0.0,
          1.0
        ]
      ]
    },
    {
      "file_path": "./images/DSC09695.jpg",
      "sharpness": 224.2397609736284,
      "transform_matrix": [
        [
          -0.312278906687959,
          -0.33015924196523594,
          0.8907731245610528,
          3.549240116052826
        ],
        [
          0.9496490418687784,
          -0.08335340305921783,
          0.30202468026580204,
          1.308836470183472
        ],
        [
          -0.02546726820549372,
          0.9402377812080471,
          0.33956491737246186,
          1.22273235628297
        ],
        [
          0.0,
          0.0,
          0.0,
          1.0
        ]
      ]
    },
    {
      "file_path": "./images/DSC09697.jpg",
      "sharpness": 216.73995647517543,
      "transform_matrix": [
        [
          0.07899331483114591,
          -0.3955236432560577,
          0.9150525142826444,
          3.7411731461128332
        ],
        [
          0.9959800139444129,
          0.07020422655549718,
          -0.055634327627218316,
          -0.13883567097827562
        ],
        [
          -0.042235862069657515,
          0.9157687558927744,
          0.3994793082962887,
          1.5229098782397488
        ],
        [
          0.0,
          0.0,
          0.0,
          1.0
        ]
      ]
    },
    {
      "file_path": "./images/DSC09698.jpg",
      "sharpness": 177.80146627662725,
      "transform_matrix": [
        [
          0.5145954514784203,
          -0.36444831887189644,
          0.7761243097898147,
          2.9213766352600286
        ],
        [
          0.8572348616865192,
          0.23813928043723206,
          -0.4565501889558617,
          -1.59357745704406
        ],
        [
          -0.018436735817579403,
          0.9002594659625167,
          0.4349631947513784,
          1.6176126334846286
        ],
        [
          0.0,
          0.0,
          0.0,
          1.0
        ]
      ]
    },
    {
      "file_path": "./images/DSC09700.jpg",
      "sharpness": 246.7531090652981,
      "transform_matrix": [
        [
          0.9187458707233565,
          -0.1953865553984507,
          0.3431182289763353,
          1.4210288980126258
        ],
        [
          0.3942783133619888,
          0.40725397899931287,
          -0.823825714708611,
          -3.1124437682688986
        ],
        [
          0.02122820462777214,
          0.8921705501887965,
          0.4511995930573851,
          1.6064153313637515
        ],
        [
          0.0,
          0.0,
          0.0,
          1.0
        ]
      ]
    },
    {
      "file_path": "./images/DSC09701.jpg",
      "sharpness": 311.3092137044486,
      "transform_matrix": [
        [
          0.9956524444296535,
          0.0010697309498204355,
          -0.09314003239476931,
          -0.24857939565395082
        ],
        [
          -0.08679561304357994,
          0.3735477859232442,
          -0.9235413218701872,
          -3.324120767118164
        ],
        [
          0.033804312146442694,
          0.9276103208624479,
          0.3720166141193443,
          1.3065629915439252
        ],
        [
          0.0,
          0.0,
          0.0,
          1.0
        ]
      ]
    },
    {
      "file_path": "./images/DSC09703.jpg",
      "sharpness": 294.50249746688456,
      "transform_matrix": [
        [
          0.8886201365795263,
          0.11983433710284264,
          -0.4427120786403418,
          -1.6298850972973467
        ],
        [
          -0.4551119929048096,
          0.34995197079124396,
          -0.8187836662190062,
          -3.194424469592107
        ],
        [
          0.05680956654128594,
          0.9290712296976562,
          0.3655124120580918,
          1.4270504675547073
        ],
        [
          0.0,
          0.0,
          0.0,
          1.0
        ]
      ]
    },
    {
      "file_path": "./images/DSC09705.jpg",
      "sharpness": 276.12746963559835,
      "transform_matrix": [
        [
          0.5848283645005665,
          0.2311279900042755,
          -0.77753175907465,
          -2.983379941573586
        ],
        [
          -0.8079736124339782,
          0.25082432146018224,
          -0.5331658291638025,
          -2.1512009724169503
        ],
        [
          0.07179432945004882,
          0.9400356440391486,
          0.33343449471488346,
          1.2854278944051631
        ],
        [
          0.0,
          0.0,
          0.0,
          1.0
        ]
      ]
    },
    {
      "file_path": "./images/DSC09707.jpg",
      "sharpness": 255.68023239025388,
      "transform_matrix": [
        [
          0.2800904782938973,
          0.30082623432681355,
          -0.9116210291384234,
          -3.572641225228108
        ],
        [
          -0.9580914523758862,
          0.14703639666073587,
          -0.2458476498866706,
          -1.0302867548474786
        ],
        [
          0.060084048511160615,
          0.9422759016678153,
          0.32940253842625894,
          1.2618800570183188
        ],
        [
          0.0,
          0.0,
          0.0,
          1.0
        ]
      ]
    },
    {
      "file_path": "./images/DSC09709.jpg",
      "sharpness": 251.35788438725064,
      "transform_matrix": [
        [
          -0.06044700231415234,
          0.3010460883010574,
          -0.9516918685622013,
          -3.663392582572619
        ],
        [
          -0.9961054374320636,
          0.04311841665743171,
          0.07690747477805246,
          0.25072984457465275
        ],
        [
          0.06418814096119921,
          0.952634271340572,
          0.29726726644286094,
          1.1135861171604506
        ],
        [
          0.0,
          0.0,
          0.0,
          1.0
        ]
      ]
    },
    {
      "file_path": "./images/DSC09711.jpg",
      "sharpness": 227.83982486723534,
      "transform_matrix": [
        [
          -0.4834790562452859,
          0.2542129418859865,
          -0.8376298600261244,
          -2.962232451198846
        ],
        [
          -0.874122346173261,
          -0.08942640859558032,
          0.47740238937373247,
          1.6001650216054346
        ],
        [
          0.04645563575154137,
          0.9630050351344748,
          0.2654490088201828,
          1.024478104750554
        ],
        [
          0.0,
          0.0,
          0.0,
          1.0
        ]
      ]
    },
    {
      "file_path": "./images/DSC09713.jpg",
      "sharpness": 253.8026370626285,
      "transform_matrix": [
        [
          -0.8449847630924833,
          0.16816007566655877,
          -0.5076641992015034,
          -1.7600530736280087
        ],
        [
          -0.5336838442124294,
          -0.20411387117608262,
          0.82068208341212,
          2.779948483984876
        ],
        [
          0.03438465628824661,
          0.9643960372251188,
          0.2622174267043945,
          0.9053690240274521
        ],
        [
          0.0,
          0.0,
          0.0,
          1.0
        ]
      ]
    },
    {
      "file_path": "./images/DSC09715.jpg",
      "sharpness": 272.2080056598005,
      "transform_matrix": [
        [
          -0.9962359404983065,
          0.009568046510074424,
          -0.08615337139647464,
          -0.3845780305729911
        ],
        [
          -0.08591415663156088,
          -0.24107378534394336,
          0.9666965334186977,
          3.476296304100431
        ],
        [
          -0.011519921969811664,
          0.9704596243913264,
          0.240988399918136,
          0.8698747117075912
        ],
        [
          0.0,
          0.0,
          0.0,
          1.0
        ]
      ]
    },
    {
      "file_path": "./images/DSC09717.jpg",
      "sharpness": 284.86939429885814,
      "transform_matrix": [
        [
          -0.9430796489840116,
          -0.13019895053858677,
          0.3060212558114066,
          1.0074917550647104
        ],
        [
          0.3295385086834663,
          -0.24195203281683833,
          0.9126136012157484,
          3.217854579171861
        ],
        [
          -0.04477886819679905,
          0.9615131029581161,
          0.27108560617251043,
          1.004407601437384
        ],
        [
          0.0,
          0.0,
          0.0,
          1.0
        ]
      ]
    },
    {
      "file_path": "./images/DSC09718.jpg",
      "sharpness": 309.16600023005117,
      "transform_matrix": [
        [
          -0.7468895513987053,
          -0.2325715869825173,
          0.6229498013463224,
          2.3200728789511498
        ],
        [
          0.6624196935012403,
          -0.17861774796786084,
          0.7275272158387723,
          2.7887767288767007
        ],
        [
          -0.05793226854708977,
          0.9560366923426578,
          0.28746772901761874,
          1.1434438491490504
        ],
        [
          0.0,
          0.0,
          0.0,
          1.0
        ]
      ]
    },
    {
      "file_path": "./images/DSC09720.jpg",
      "sharpness": 232.49239450802034,
      "transform_matrix": [
        [
          -0.3787951161240698,
          -0.3204718933379468,
          0.8682234883015383,
          3.282350135475662
        ],
        [
          0.9244602571329269,
          -0.08698390918226484,
          0.3712236960898317,
          1.4731896850677382
        ],
        [
          -0.04344528768148875,
          0.9432558323124409,
          0.32921260889869575,
          1.199556963610066
        ],
        [
          0.0,
          0.0,
          0.0,
          1.0
        ]
      ]
    },
    {
      "file_path": "./images/DSC09722.jpg",
      "sharpness": 213.58941258596096,
      "transform_matrix": [
        [
          0.11588388966903498,
          -0.35235082320711086,
          0.9286656134249796,
          3.5553279580579575
        ],
        [
          0.992685138874766,
          0.07296636313610891,
          -0.09618796661421514,
          -0.260339437191076
        ],
        [
          -0.033869443162047624,
          0.9330191891416062,
          0.3582290518432045,
          1.351749612657512
        ],
        [
          0.0,
          0.0,
          0.0,
          1.0
        ]
      ]
    },
    {
      "file_path": "./images/DSC09723.jpg",
      "sharpness": 178.68744116061015,
      "transform_matrix": [
        [
          0.666870503190426,
          -0.2902815562404897,
          0.6863092234107705,
          2.7060550516423008
        ],
        [
          0.7447145844666619,
          0.2919413186394883,
          -0.6001420283292828,
          -2.227574362681411
        ],
        [
          -0.026151857728235167,
          0.9113215045456611,
          0.4108639625971639,
          1.647388217537032
        ],
        [
          0.0,
          0.0,
          0.0,
          1.0
        ]
      ]
    },
    {
      "file_path": "./images/DSC09725.jpg",
      "sharpness": 277.79618676089603,
      "transform_matrix": [
        [
          0.9717922946981831,
          -0.15224395330447407,
          0.18011528170872,
          1.0119954492676475
        ],
        [
          0.2274848794026204,
          0.4036497957308927,
          -0.8861813990730594,
          -3.4710170241324376
        ],
        [
          0.06221226287003534,
          0.9021577584621323,
          0.42689695860502386,
          1.6626358965486412
        ],
        [
          0.0,
          0.0,
          0.0,
          1.0
        ]
      ]
    },
    {
      "file_path": "./images/DSC09727.jpg",
      "sharpness": 300.51641071512296,
      "transform_matrix": [
        [
          0.9618810113761159,
          0.06982514040651683,
          -0.2644038006134094,
          -0.8854119578325067
        ],
        [
          -0.27020334259303086,
          0.3916238353147586,
          -0.8795572325200965,
          -3.623819393143873
        ],
        [
          0.0421316232117393,
          0.9174721910996543,
          0.39556251712642354,
          1.6080726719177318
        ],
        [
          0.0,
          0.0,
          0.0,
          1.0
        ]
      ]
    },
    {
      "file_path": "./images/DSC09729.jpg",
      "sharpness": 283.2439535800726,
      "transform_matrix": [
        [
          0.7056111412739255,
          0.2066226217703323,
          -0.6778052888111799,
          -2.4889600961768994
        ],
        [
          -0.7035077152505467,
          0.3187351684760896,
          -0.6352045237346576,
          -2.6209513486601534
        ],
        [
          0.08479275886878634,
          0.9250486390510645,
          0.3702636945532765,
          1.4109235817642523
        ],
        [
          0.0,
          0.0,
          0.0,
          1.0
        ]
      ]
    },
    {
      "file_path": "./images/DSC09731.jpg",
      "sharpness": 241.45425937814142,
      "transform_matrix": [
        [
          0.2594979773768722,
          0.2921337673300204,
          -0.9204991373056393,
          -3.25651936076311
        ],
        [
          -0.9628577115935912,
          0.1518942205166201,
          -0.2232334495811487,
          -0.9809397003775121
        ],
        [
          0.0746044703270447,
          0.9442383215191554,
          0.320699493689899,
          1.168585565740328
        ],
        [
          0.0,
          0.0,
          0.0,
          1.0
        ]
      ]
    },
    {
      "file_path": "./images/DSC09733.jpg",
      "sharpness": 208.08141920849312,
      "transform_matrix": [
        [
          -0.2488107535259477,
          0.29467898378357205,
          -0.9226361717945378,
          -3.2505320285459383
        ],
        [
          -0.9647289914094954,
          0.009154322778835045,
          0.2630858634020111,
          0.6696871260320072
        ],
        [
          0.08597198419916381,
          0.9555524553683401,
          0.2820076648664782,
          1.0243535105348949
        ],
        [
          0.0,
          0.0,
          0.0,
          1.0
        ]
      ]
    },
    {
      "file_path": "./images/DSC09735.jpg",
      "sharpness": 175.00637669919936,
      "transform_matrix": [
        [
          -0.017692795516314253,
          0.7328294198581086,
          -0.6801823332274918,
          -3.007104731551804
        ],
        [
          -0.9936880654485132,
          0.06248246672868857,
          0.0931663563213285,
          0.2695298508550839
        ],
        [
          0.11077451685858117,
          0.6775374401484742,
          0.7270983590153736,
          2.867206551820631
        ],
        [
          0.0,
          0.0,
          0.0,
          1.0
        ]
      ]
    },
    {
      "file_path": "./images/DSC09737.jpg",
      "sharpness": 186.54020956516325,
      "transform_matrix": [
        [
          -0.532863223351655,
          0.649476910376139,
          -0.5424357364196188,
          -2.2596146962126578
        ],
        [
          -0.8414758284400892,
          -0.3390488454984792,
          0.42067126183127024,
          1.5588185085974189
        ],
        [
          0.08930406122801668,
          0.6806068052300289,
          0.7271857818974494,
          2.793594643468803
        ],
        [
          0.0,
          0.0,
          0.0,
          1.0
        ]
      ]
    },
    {
      "file_path": "./images/DSC09738.jpg",
      "sharpness": 208.26107543914554,
      "transform_matrix": [
        [
          -0.8964875606002656,
          0.35474632714279325,
          -0.2654526268945667,
          -1.2091510261239327
        ],
        [
          -0.4377890750373888,
          -0.6170096153492372,
          0.6539417866737002,
          2.628050516451345
        ],
        [
          0.0681966237740309,
          0.7024629371041056,
          0.7084455113641028,
          2.775223898568911
        ],
        [
          0.0,
          0.0,
          0.0,
          1.0
        ]
      ]
    },
    {
      "file_path": "./images/DSC09740.jpg",
      "sharpness": 224.07889452578507,
      "transform_matrix": [
        [
          -0.9989253345836437,
          0.04610346750129851,
          0.004758809605257902,
          -0.06356055482172962
        ],
        [
          -0.028369473479308627,
          -0.6893960755482343,
          0.7238288637562754,
          3.0925312216807472
        ],
        [
          0.036651725162835436,
          0.7229159849861472,
          0.6899631365262533,
          2.8121307695120654
        ],
        [
          0.0,
          0.0,
          0.0,
          1.0
        ]
      ]
    },
    {
      "file_path": "./images/DSC09742.jpg",
      "sharpness": 242.5013349056152,
      "transform_matrix": [
        [
          -0.8696616031718013,
          -0.3443874166150681,
          0.3536749967178893,
          1.4307640352679292
        ],
        [
          0.4936103669482896,
          -0.5977737321869174,
          0.6316766346494065,
          2.7517481377737685
        ],
        [
          -0.006123861573760714,
          0.7239225596857235,
          0.689854061355403,
          3.0045685107600795
        ],
        [
          0.0,
          0.0,
          0.0,
          1.0
        ]
      ]
    },
    {
      "file_path": "./images/DSC09744.jpg",
      "sharpness": 234.29108648346704,
      "transform_matrix": [
        [
          -0.8548077200881808,
          -0.36164251836596617,
          0.37218066935980826,
          1.459597724732691
        ],
        [
          0.5189093363543889,
          -0.5872672131828585,
          0.62116851254566,
          2.711823985287209
        ],
        [
          -0.006071440711188203,
          0.7241076641411531,
          0.6896602267861923,
          3.0261351066398214
        ],
        [
          0.0,
          0.0,
          0.0,
          1.0
        ]
      ]
    },
    {
      "file_path": "./images/DSC09745.jpg",
      "sharpness": 245.20728550626868,
      "transform_matrix": [
        [
          -0.5643251928660579,
          -0.5882213232696015,
          0.5792518896000188,
          2.3271906109515728
        ],
        [
          0.8248795234548776,
          -0.3734368886692527,
          0.42440389015580826,
          1.809393157837156
        ],
        [
          -0.03332939446019956,
          0.7173148298188831,
          0.695951569046203,
          2.981440445184358
        ],
        [
          0.0,
          0.0,
          0.0,
          1.0
        ]
      ]
    },
    {
      "file_path": "./images/DSC09747.jpg",
      "sharpness": 250.5915181160491,
      "transform_matrix": [
        [
          -0.20535992285679033,
          -0.7040881101617694,
          0.6797699870328406,
          2.7406048381325987
        ],
        [
          0.9784005997146417,
          -0.13090908347741873,
          0.15998461911894146,
          0.8311206565772716
        ],
        [
          -0.023655202152480126,
          0.6979417920214843,
          0.7157637085184,
          2.9980363166721977
        ],
        [
          0.0,
          0.0,
          0.0,
          1.0
        ]
      ]
    },
    {
      "file_path": "./images/DSC09750.jpg",
      "sharpness": 219.79604182838352,
      "transform_matrix": [
        [
          0.28567426188780576,
          -0.7059229480924927,
          0.6481226793661895,
          2.543396249571295
        ],
        [
          0.95819844961929,
          0.22147281401815977,
          -0.181122952194271,
          -0.5592677324427398
        ],
        [
          -0.015682705248023995,
          0.6727723122108213,
          0.7396833570857582,
          3.0747136115844964
        ],
        [
          0.0,
          0.0,
          0.0,
          1.0
        ]
      ]
    },
    {
      "file_path": "./images/DSC09751.jpg",
      "sharpness": 204.37515453027422,
      "transform_matrix": [
        [
          0.8441459294096327,
          -0.4123968626191491,
          0.3425587214195213,
          1.4592403052361984
        ],
        [
          0.5355659968257702,
          0.6198137148537866,
          -0.5735852351104145,
          -2.1757234634435103
        ],
        [
          0.02422215772560507,
          0.6676524444963307,
          0.7440789612025317,
          3.0441877189657434
        ],
        [
          0.0,
          0.0,
          0.0,
          1.0
        ]
      ]
    },
    {
      "file_path": "./images/DSC09753.jpg",
      "sharpness": 225.46864000839983,
      "transform_matrix": [
        [
          0.9983763897893819,
          -0.030367962421909617,
          -0.04819098698934543,
          -0.07891822945795869
        ],
        [
          -0.010424316768117226,
          0.7343340263842938,
          -0.6787082372622635,
          -2.5171363150354122
        ],
        [
          0.05599926775594066,
          0.67810863775196,
          0.732825188901165,
          2.931333264983829
        ],
        [
          0.0,
          0.0,
          0.0,
          1.0
        ]
      ]
    },
    {
      "file_path": "./images/DSC09756.jpg",
      "sharpness": 199.88328489965943,
      "transform_matrix": [
        [
          0.8177320943177109,
          0.3795988706132767,
          -0.43268801625355857,
          -1.6014711060391158
        ],
        [
          -0.5714578242425603,
          0.6254118643544753,
          -0.5313153066213293,
          -2.079079779342356
        ],
        [
          0.06892152859597483,
          0.6817365307706064,
          0.7283440983353274,
          2.910227186239504
        ],
        [
          0.0,
          0.0,
          0.0,
          1.0
        ]
      ]
    },
    {
      "file_path": "./images/DSC09757.jpg",
      "sharpness": 180.1731377725031,
      "transform_matrix": [
        [
          0.3977693955126402,
          0.5934816460811281,
          -0.6996849604042447,
          -2.7938442284530427
        ],
        [
          -0.9140759957246929,
          0.32202711727313044,
          -0.24650275818775075,
          -0.9949461492271355
        ],
        [
          0.0790226681055391,
          0.7376164799916433,
          0.670579858362349,
          2.877778881690815
        ],
        [
          0.0,
          0.0,
          0.0,
          1.0
        ]
      ]
    },
    {
      "file_path": "./images/DSC09759.jpg",
      "sharpness": 160.5733330044491,
      "transform_matrix": [
        [
          -0.20970015273781462,
          0.660435816455895,
          -0.7210065036749094,
          -2.876834385116715
        ],
        [
          -0.974765863113131,
          -0.08348902325221158,
          0.20702921320239487,
          0.7176406229227689
        ],
        [
          0.07653337870123564,
          0.7462265844945881,
          0.6612779495863774,
          2.800556543781977
        ],
        [
          0.0,
          0.0,
          0.0,
          1.0
        ]
      ]
    },
    {
      "file_path": "./images/DSC09761.jpg",
      "sharpness": 171.70086396520193,
      "transform_matrix": [
        [
          -0.7077242335820807,
          0.5064055566562354,
          -0.49262543727044117,
          -1.9214759049525731
        ],
        [
          -0.7041739522508588,
          -0.4492290879479063,
          0.549847498426973,
          2.040775475710765
        ],
        [
          0.05714415263201078,
          0.7360344005532868,
          0.674527914243126,
          2.7447405435513277
        ],
        [
          0.0,
          0.0,
          0.0,
          1.0
        ]
      ]
    },
    {
      "file_path": "./images/DSC09763.jpg",
      "sharpness": 209.0644516446209,
      "transform_matrix": [
        [
          -0.9870729687017863,
          0.12781770060654163,
          -0.09669327757112225,
          -0.49828084521946875
        ],
        [
          -0.1572748622668834,
          -0.6563601531862294,
          0.737872595386076,
          2.8532083010642375
        ],
        [
          0.030847564004169048,
          0.743541515163558,
          0.6679778762012543,
          2.7429567197118185
        ],
        [
          0.0,
          0.0,
          0.0,
          1.0
        ]
      ]
    },
    {
      "file_path": "./images/DSC09766.jpg",
      "sharpness": 222.96723422701874,
      "transform_matrix": [
        [
          -0.961450554195468,
          -0.18606764387301028,
          0.2024639814839197,
          0.7125444260894883
        ],
        [
          0.27497710286010185,
          -0.648831986802366,
          0.7095101449720507,
          2.808085251233243
        ],
        [
          -0.0006517736168183408,
          0.737831881152655,
          0.674984214939087,
          2.7119017366130054
        ],
        [
          0.0,
          0.0,
          0.0,
          1.0
        ]
      ]
    },
    {
      "file_path": "./images/DSC09767.jpg",
      "sharpness": 237.658031377592,
      "transform_matrix": [
        [
          -0.7571948839703997,
          -0.46454003456070125,
          0.4591932752523086,
          1.6663591824659396
        ],
        [
          0.652791563952346,
          -0.5136591851689302,
          0.5567920756779334,
          2.17436789620955
        ],
        [
          -0.022783366477398814,
          0.721357607446946,
          0.6921879227936752,
          2.698496072777216
        ],
        [
          0.0,
          0.0,
          0.0,
          1.0
        ]
      ]
    },
    {
      "file_path": "./images/DSC09769.jpg",
      "sharpness": 247.43029400265183,
      "transform_matrix": [
        [
          -0.3847251609401183,
          -0.6534347098818021,
          0.651927626749191,
          2.58124231506273
        ],
        [
          0.9225710651347809,
          -0.2499218703667681,
          0.29394164132009915,
          1.2789505582243856
        ],
        [
          -0.029140699297253658,
          0.7145363102646685,
          0.698991188091001,
          2.883631963806225
        ],
        [
          0.0,
          0.0,
          0.0,
          1.0
        ]
      ]
    },
    {
      "file_path": "./images/DSC09771.jpg",
      "sharpness": 228.8423231100487,
      "transform_matrix": [
        [
          0.10886464511987465,
          -0.7143892481201093,
          0.6912282483166151,
          2.7948080934492037
        ],
        [
          0.9938863600701667,
          0.09109128269136081,
          -0.06238815190097141,
          -0.1194501864234605
        ],
        [
          -0.018395442843524817,
          0.693794191713462,
          0.7199383496510676,
          2.998886338270219
        ],
        [
          0.0,
          0.0,
          0.0,
          1.0
        ]
      ]
    },
    {
      "file_path": "./images/DSC09773.jpg",
      "sharpness": 192.6611557427769,
      "transform_matrix": [
        [
          0.642869188483614,
          -0.580814934742464,
          0.49937282478732703,
          2.0114831480671125
        ],
        [
          0.765974930074419,
          0.4863853791865079,
          -0.4203708712846164,
          -1.5120499159906573
        ],
        [
          0.001270039433185599,
          0.6527505454324289,
          0.7575718530334621,
          3.0363946903953076
        ],
        [
          0.0,
          0.0,
          0.0,
          1.0
        ]
      ]
    },
    {
      "file_path": "./images/DSC09775.jpg",
      "sharpness": 214.86203958038953,
      "transform_matrix": [
        [
          0.9859046023916885,
          -0.14620142946485223,
          0.08134652458998681,
          0.4650212840981319
        ],
        [
          0.16306322987463934,
          0.7308350707693823,
          -0.6627899232863049,
          -2.547934594068928
        ],
        [
          0.037449941163790634,
          0.6667122628255214,
          0.7443737371616159,
          3.0315292406289793
        ],
        [
          0.0,
          0.0,
          0.0,
          1.0
        ]
      ]
    },
    {
      "file_path": "./images/DSC09777.jpg",
      "sharpness": 230.9319410683731,
      "transform_matrix": [
        [
          0.9001194148306417,
          0.26420625440085543,
          -0.3463814288294875,
          -1.379029412468659
        ],
        [
          -0.43125816077090634,
          0.6529335743821765,
          -0.6226509023734793,
          -2.784867779406291
        ],
        [
          0.06165580170983398,
          0.709839983810393,
          0.7016592902332495,
          3.1170559106825735
        ],
        [
          0.0,
          0.0,
          0.0,
          1.0
        ]
      ]
    },
    {
      "file_path": "./images/DSC09779.jpg",
      "sharpness": 189.32260013971194,
      "transform_matrix": [
        [
          0.43167691615976944,
          0.5663169457224082,
          -0.7020969712938407,
          -3.168571762260096
        ],
        [
          -0.8979975665753448,
          0.3433070803282368,
          -0.2752101361410308,
          -1.3986358321968668
        ],
        [
          0.08517869759094926,
          0.7492832345870575,
          0.6567489809010101,
          3.0918098560349323
        ],
        [
          0.0,
          0.0,
          0.0,
          1.0
        ]
      ]
    },
    {
      "file_path": "./images/DSC09781.jpg",
      "sharpness": 170.84805157635407,
      "transform_matrix": [
        [
          -0.1267204449723445,
          0.6203624000363502,
          -0.7740106081344746,
          -3.593346062420709
        ],
        [
          -0.9886464515872164,
          -0.01546922507795484,
          0.14946202478554976,
          0.5420848310390297
        ],
        [
          0.08074727610029878,
          0.7841627355103031,
          0.6152793525793215,
          2.981728712378011
        ],
        [
          0.0,
          0.0,
          0.0,
          1.0
        ]
      ]
    },
    {
      "file_path": "./images/DSC09783.jpg",
      "sharpness": 172.43576065792521,
      "transform_matrix": [
        [
          -0.586742213255971,
          0.5661134925878363,
          -0.5790069850623826,
          -2.441924264818969
        ],
        [
          -0.806675689278104,
          -0.34613634507060076,
          0.4790239690896059,
          1.8716151226162996
        ],
        [
          0.07076657059476411,
          0.7481344425983324,
          0.6597627970379862,
          2.796022979689685
        ],
        [
          0.0,
          0.0,
          0.0,
          1.0
        ]
      ]
    }
  ]
}